0 0 0 1 1
0 1 0 1 1
0 2 0 1 1
0 3 0 1 1
0 4 0 1 1
0 5 0 1 1
0 6 0 1 1
0 7 0 1 1
0 8 0 1 1
0 9 0 1 1
0 10 0 1 1
0 11 0 1 1
0 12 0 1 1
0 13 0 1 1
1 9 -19 11 0
2 9 -19 11 0
2 3 -18 7 0
2 4 -18 7 0
2 5 -18 7 0
2 6 -18 7 0
3 6 -18 7 0
3 7 -18 7 0
3 8 -18 7 0
3 1 -16 6 0
3 2 -16 6 0
3 3 -16 6 0
3 4 -16 6 0
3 5 -16 6 0
4 5 -16 6 0
4 6 -16 6 0
4 7 -16 6 0
4 8 -16 6 0
4 9 -16 6 0
4 10 -16 6 0
3 10 -16 6 0
3 11 -16 6 0
2 11 -16 6 0
2 12 -16 6 0
1 12 -16 6 0
1 13 -16 6 0
4 13 -16 6 0
5 13 -16 6 0
6 13 -16 6 0
7 13 -16 6 0
8 13 -16 6 0
8 12 -16 6 0
9 12 -16 6 0
10 12 -16 6 0
11 12 -16 6 0
12 12 -16 6 0
13 12 -16 6 0
14 12 -16 6 0
15 11 -16 6 0
16 11 -16 6 0
17 11 -16 6 0
17 12 -16 6 0
18 11 -16 6 0
0 14 0 1 1
1 14 0 1 1
2 14 0 1 1
3 14 0 1 1
4 14 0 1 1
5 14 0 1 1
6 14 0 1 1
7 14 0 1 1
8 14 0 1 1
9 14 0 1 1
10 14 0 1 1
11 14 0 1 1
12 14 0 1 1
13 14 0 1 1
14 14 0 1 1
15 14 0 1 1
16 14 0 1 1
17 14 0 1 1
18 14 0 1 1
19 14 0 1 1
20 14 0 1 1
21 14 0 1 1
22 14 0 1 1
23 14 0 1 1
24 14 0 1 1
25 14 0 1 1
26 14 0 1 1
27 14 0 1 1
28 14 0 1 1
29 14 0 1 1
30 14 0 1 1
31 14 0 1 1
32 14 0 1 1
33 14 0 1 1
34 14 0 1 1
35 14 0 1 1
36 14 0 1 1
37 14 0 1 1
38 14 0 1 1
39 14 0 1 1
40 14 0 1 1
41 14 0 1 1
42 14 0 1 1
43 14 0 1 1
44 14 0 1 1
45 14 0 1 1
46 14 0 1 1
46 13 0 1 1
46 12 0 1 1
46 11 0 1 1
46 10 0 1 1
46 9 0 1 1
46 8 0 1 1
46 7 0 1 1
46 6 0 1 1
46 5 0 1 1
46 4 0 1 1
46 3 0 1 1
1 0 0 1 1
2 0 0 1 1
3 0 0 1 1
4 0 0 1 1
5 0 0 1 1
6 0 0 1 1
7 0 0 1 1
8 0 0 1 1
9 0 0 1 1
10 0 0 1 1
11 0 0 1 1
12 0 0 1 1
13 0 0 1 1
14 0 0 1 1
15 0 0 1 1
16 0 0 1 1
17 0 0 1 1
18 0 0 1 1
19 0 0 1 1
20 0 0 1 1
21 0 0 1 1
22 0 0 1 1
23 0 0 1 1
24 0 0 1 1
25 0 0 1 1
26 0 0 1 1
27 0 0 1 1
28 0 0 1 1
29 0 0 1 1
30 0 0 1 1
31 0 0 1 1
32 0 0 1 1
33 0 0 1 1
34 0 0 1 1
35 0 0 1 1
36 0 0 1 1
37 0 0 1 1
38 0 0 1 1
39 0 0 1 1
40 0 0 1 1
41 0 0 1 1
43 0 0 1 1
44 0 0 1 1
45 0 0 1 1
46 0 0 1 1
46 1 0 1 1
46 2 0 1 1
42 0 0 1 1
1 3 0 1 0